**C++ Output (DLNET)**
TensorA :
tensor([[[[0.1000, 0.1010, 0.1020, 0.1030, 0.1040, 0.1050, 0.1060, 0.1070],
         [0.1100, 0.1110, 0.1120, 0.1130, 0.1140, 0.1150, 0.1160, 0.1170],
         [0.1200, 0.1210, 0.1220, 0.1230, 0.1240, 0.1250, 0.1260, 0.1270],
         [0.1300, 0.1310, 0.1320, 0.1330, 0.1340, 0.1350, 0.1360, 0.1370]],

        [[0.1400, 0.1410, 0.1420, 0.1430, 0.1440, 0.1450, 0.1460, 0.1470],
         [0.1500, 0.1510, 0.1520, 0.1530, 0.1540, 0.1550, 0.1560, 0.1570],
         [0.1600, 0.1610, 0.1620, 0.1630, 0.1640, 0.1650, 0.1660, 0.1670],
         [0.1700, 0.1710, 0.1720, 0.1730, 0.1740, 0.1750, 0.1760, 0.1770]]],

       [[[0.1800, 0.1810, 0.1820, 0.1830, 0.1840, 0.1850, 0.1860, 0.1870],
         [0.1900, 0.1910, 0.1920, 0.1930, 0.1940, 0.1950, 0.1960, 0.1970],
         [0.2000, 0.2010, 0.2020, 0.2030, 0.2040, 0.2050, 0.2060, 0.2070],
         [0.2100, 0.2110, 0.2120, 0.2130, 0.2140, 0.2150, 0.2160, 0.2170]],

        [[0.2200, 0.2210, 0.2220, 0.2230, 0.2240, 0.2250, 0.2260, 0.2270],
         [0.2300, 0.2310, 0.2320, 0.2330, 0.2340, 0.2350, 0.2360, 0.2370],
         [0.2400, 0.2410, 0.2420, 0.2430, 0.2440, 0.2450, 0.2460, 0.2470],
         [0.2500, 0.2510, 0.2520, 0.2530, 0.2540, 0.2550, 0.2560, 0.2570]]]], dims=[2, 2, 4, 8], dtype=float32, device=cuda:0)

TensorB :
tensor([[[[0.2000, 0.2020, 0.2040, 0.2060, 0.2080, 0.2100, 0.2120, 0.2140],
         [0.2200, 0.2220, 0.2240, 0.2260, 0.2280, 0.2300, 0.2320, 0.2340],
         [0.2400, 0.2420, 0.2440, 0.2460, 0.2480, 0.2500, 0.2520, 0.2540],
         [0.2600, 0.2620, 0.2640, 0.2660, 0.2680, 0.2700, 0.2720, 0.2740]],

        [[0.2800, 0.2820, 0.2840, 0.2860, 0.2880, 0.2900, 0.2920, 0.2940],
         [0.3000, 0.3020, 0.3040, 0.3060, 0.3080, 0.3100, 0.3120, 0.3140],
         [0.3200, 0.3220, 0.3240, 0.3260, 0.3280, 0.3300, 0.3320, 0.3340],
         [0.3400, 0.3420, 0.3440, 0.3460, 0.3480, 0.3500, 0.3520, 0.3540]]],

       [[[0.3600, 0.3620, 0.3640, 0.3660, 0.3680, 0.3700, 0.3720, 0.3740],
         [0.3800, 0.3820, 0.3840, 0.3860, 0.3880, 0.3900, 0.3920, 0.3940],
         [0.4000, 0.4020, 0.4040, 0.4060, 0.4080, 0.4100, 0.4120, 0.4140],
         [0.4200, 0.4220, 0.4240, 0.4260, 0.4280, 0.4300, 0.4320, 0.4340]],

        [[0.4400, 0.4420, 0.4440, 0.4460, 0.4480, 0.4500, 0.4520, 0.4540],
         [0.4600, 0.4620, 0.4640, 0.4660, 0.4680, 0.4700, 0.4720, 0.4740],
         [0.4800, 0.4820, 0.4840, 0.4860, 0.4880, 0.4900, 0.4920, 0.4940],
         [0.5000, 0.5020, 0.5040, 0.5060, 0.5080, 0.5100, 0.5120, 0.5140]]]], dims=[2, 2, 4, 8], dtype=float32, device=cuda:0)

Concat_Dim0(A,B) :
tensor([[[[0.1000, 0.1010, 0.1020, 0.1030, 0.1040, 0.1050, 0.1060, 0.1070],
         [0.1100, 0.1110, 0.1120, 0.1130, 0.1140, 0.1150, 0.1160, 0.1170],
         [0.1200, 0.1210, 0.1220, 0.1230, 0.1240, 0.1250, 0.1260, 0.1270],
         [0.1300, 0.1310, 0.1320, 0.1330, 0.1340, 0.1350, 0.1360, 0.1370]],

        [[0.1400, 0.1410, 0.1420, 0.1430, 0.1440, 0.1450, 0.1460, 0.1470],
         [0.1500, 0.1510, 0.1520, 0.1530, 0.1540, 0.1550, 0.1560, 0.1570],
         [0.1600, 0.1610, 0.1620, 0.1630, 0.1640, 0.1650, 0.1660, 0.1670],
         [0.1700, 0.1710, 0.1720, 0.1730, 0.1740, 0.1750, 0.1760, 0.1770]]],

       [[[0.1800, 0.1810, 0.1820, 0.1830, 0.1840, 0.1850, 0.1860, 0.1870],
         [0.1900, 0.1910, 0.1920, 0.1930, 0.1940, 0.1950, 0.1960, 0.1970],
         [0.2000, 0.2010, 0.2020, 0.2030, 0.2040, 0.2050, 0.2060, 0.2070],
         [0.2100, 0.2110, 0.2120, 0.2130, 0.2140, 0.2150, 0.2160, 0.2170]],

        [[0.2200, 0.2210, 0.2220, 0.2230, 0.2240, 0.2250, 0.2260, 0.2270],
         [0.2300, 0.2310, 0.2320, 0.2330, 0.2340, 0.2350, 0.2360, 0.2370],
         [0.2400, 0.2410, 0.2420, 0.2430, 0.2440, 0.2450, 0.2460, 0.2470],
         [0.2500, 0.2510, 0.2520, 0.2530, 0.2540, 0.2550, 0.2560, 0.2570]]],

       [[[0.2000, 0.2020, 0.2040, 0.2060, 0.2080, 0.2100, 0.2120, 0.2140],
         [0.2200, 0.2220, 0.2240, 0.2260, 0.2280, 0.2300, 0.2320, 0.2340],
         [0.2400, 0.2420, 0.2440, 0.2460, 0.2480, 0.2500, 0.2520, 0.2540],
         [0.2600, 0.2620, 0.2640, 0.2660, 0.2680, 0.2700, 0.2720, 0.2740]],

        [[0.2800, 0.2820, 0.2840, 0.2860, 0.2880, 0.2900, 0.2920, 0.2940],
         [0.3000, 0.3020, 0.3040, 0.3060, 0.3080, 0.3100, 0.3120, 0.3140],
         [0.3200, 0.3220, 0.3240, 0.3260, 0.3280, 0.3300, 0.3320, 0.3340],
         [0.3400, 0.3420, 0.3440, 0.3460, 0.3480, 0.3500, 0.3520, 0.3540]]],

       [[[0.3600, 0.3620, 0.3640, 0.3660, 0.3680, 0.3700, 0.3720, 0.3740],
         [0.3800, 0.3820, 0.3840, 0.3860, 0.3880, 0.3900, 0.3920, 0.3940],
         [0.4000, 0.4020, 0.4040, 0.4060, 0.4080, 0.4100, 0.4120, 0.4140],
         [0.4200, 0.4220, 0.4240, 0.4260, 0.4280, 0.4300, 0.4320, 0.4340]],

        [[0.4400, 0.4420, 0.4440, 0.4460, 0.4480, 0.4500, 0.4520, 0.4540],
         [0.4600, 0.4620, 0.4640, 0.4660, 0.4680, 0.4700, 0.4720, 0.4740],
         [0.4800, 0.4820, 0.4840, 0.4860, 0.4880, 0.4900, 0.4920, 0.4940],
         [0.5000, 0.5020, 0.5040, 0.5060, 0.5080, 0.5100, 0.5120, 0.5140]]]], dims=[4, 2, 4, 8], dtype=float32, device=cuda:0)

Concat_Dim1(A,B) :
tensor([[[[0.1000, 0.1010, 0.1020, 0.1030, 0.1040, 0.1050, 0.1060, 0.1070],
         [0.1100, 0.1110, 0.1120, 0.1130, 0.1140, 0.1150, 0.1160, 0.1170],
         [0.1200, 0.1210, 0.1220, 0.1230, 0.1240, 0.1250, 0.1260, 0.1270],
         [0.1300, 0.1310, 0.1320, 0.1330, 0.1340, 0.1350, 0.1360, 0.1370]],

        [[0.1400, 0.1410, 0.1420, 0.1430, 0.1440, 0.1450, 0.1460, 0.1470],
         [0.1500, 0.1510, 0.1520, 0.1530, 0.1540, 0.1550, 0.1560, 0.1570],
         [0.1600, 0.1610, 0.1620, 0.1630, 0.1640, 0.1650, 0.1660, 0.1670],
         [0.1700, 0.1710, 0.1720, 0.1730, 0.1740, 0.1750, 0.1760, 0.1770]],

        [[0.2000, 0.2020, 0.2040, 0.2060, 0.2080, 0.2100, 0.2120, 0.2140],
         [0.2200, 0.2220, 0.2240, 0.2260, 0.2280, 0.2300, 0.2320, 0.2340],
         [0.2400, 0.2420, 0.2440, 0.2460, 0.2480, 0.2500, 0.2520, 0.2540],
         [0.2600, 0.2620, 0.2640, 0.2660, 0.2680, 0.2700, 0.2720, 0.2740]],

        [[0.2800, 0.2820, 0.2840, 0.2860, 0.2880, 0.2900, 0.2920, 0.2940],
         [0.3000, 0.3020, 0.3040, 0.3060, 0.3080, 0.3100, 0.3120, 0.3140],
         [0.3200, 0.3220, 0.3240, 0.3260, 0.3280, 0.3300, 0.3320, 0.3340],
         [0.3400, 0.3420, 0.3440, 0.3460, 0.3480, 0.3500, 0.3520, 0.3540]]],

       [[[0.1800, 0.1810, 0.1820, 0.1830, 0.1840, 0.1850, 0.1860, 0.1870],
         [0.1900, 0.1910, 0.1920, 0.1930, 0.1940, 0.1950, 0.1960, 0.1970],
         [0.2000, 0.2010, 0.2020, 0.2030, 0.2040, 0.2050, 0.2060, 0.2070],
         [0.2100, 0.2110, 0.2120, 0.2130, 0.2140, 0.2150, 0.2160, 0.2170]],

        [[0.2200, 0.2210, 0.2220, 0.2230, 0.2240, 0.2250, 0.2260, 0.2270],
         [0.2300, 0.2310, 0.2320, 0.2330, 0.2340, 0.2350, 0.2360, 0.2370],
         [0.2400, 0.2410, 0.2420, 0.2430, 0.2440, 0.2450, 0.2460, 0.2470],
         [0.2500, 0.2510, 0.2520, 0.2530, 0.2540, 0.2550, 0.2560, 0.2570]],

        [[0.3600, 0.3620, 0.3640, 0.3660, 0.3680, 0.3700, 0.3720, 0.3740],
         [0.3800, 0.3820, 0.3840, 0.3860, 0.3880, 0.3900, 0.3920, 0.3940],
         [0.4000, 0.4020, 0.4040, 0.4060, 0.4080, 0.4100, 0.4120, 0.4140],
         [0.4200, 0.4220, 0.4240, 0.4260, 0.4280, 0.4300, 0.4320, 0.4340]],

        [[0.4400, 0.4420, 0.4440, 0.4460, 0.4480, 0.4500, 0.4520, 0.4540],
         [0.4600, 0.4620, 0.4640, 0.4660, 0.4680, 0.4700, 0.4720, 0.4740],
         [0.4800, 0.4820, 0.4840, 0.4860, 0.4880, 0.4900, 0.4920, 0.4940],
         [0.5000, 0.5020, 0.5040, 0.5060, 0.5080, 0.5100, 0.5120, 0.5140]]]], dims=[2, 4, 4, 8], dtype=float32, device=cuda:0)

Concat_Dim2(A,B) :
tensor([[[[0.1000, 0.1010, 0.1020, 0.1030, 0.1040, 0.1050, 0.1060, 0.1070],
         [0.1100, 0.1110, 0.1120, 0.1130, 0.1140, 0.1150, 0.1160, 0.1170],
         [0.1200, 0.1210, 0.1220, 0.1230, 0.1240, 0.1250, 0.1260, 0.1270],
         [0.1300, 0.1310, 0.1320, 0.1330, 0.1340, 0.1350, 0.1360, 0.1370],
         [0.2000, 0.2020, 0.2040, 0.2060, 0.2080, 0.2100, 0.2120, 0.2140],
         [0.2200, 0.2220, 0.2240, 0.2260, 0.2280, 0.2300, 0.2320, 0.2340],
         [0.2400, 0.2420, 0.2440, 0.2460, 0.2480, 0.2500, 0.2520, 0.2540],
         [0.2600, 0.2620, 0.2640, 0.2660, 0.2680, 0.2700, 0.2720, 0.2740]],

        [[0.1400, 0.1410, 0.1420, 0.1430, 0.1440, 0.1450, 0.1460, 0.1470],
         [0.1500, 0.1510, 0.1520, 0.1530, 0.1540, 0.1550, 0.1560, 0.1570],
         [0.1600, 0.1610, 0.1620, 0.1630, 0.1640, 0.1650, 0.1660, 0.1670],
         [0.1700, 0.1710, 0.1720, 0.1730, 0.1740, 0.1750, 0.1760, 0.1770],
         [0.2800, 0.2820, 0.2840, 0.2860, 0.2880, 0.2900, 0.2920, 0.2940],
         [0.3000, 0.3020, 0.3040, 0.3060, 0.3080, 0.3100, 0.3120, 0.3140],
         [0.3200, 0.3220, 0.3240, 0.3260, 0.3280, 0.3300, 0.3320, 0.3340],
         [0.3400, 0.3420, 0.3440, 0.3460, 0.3480, 0.3500, 0.3520, 0.3540]]],

       [[[0.1800, 0.1810, 0.1820, 0.1830, 0.1840, 0.1850, 0.1860, 0.1870],
         [0.1900, 0.1910, 0.1920, 0.1930, 0.1940, 0.1950, 0.1960, 0.1970],
         [0.2000, 0.2010, 0.2020, 0.2030, 0.2040, 0.2050, 0.2060, 0.2070],
         [0.2100, 0.2110, 0.2120, 0.2130, 0.2140, 0.2150, 0.2160, 0.2170],
         [0.3600, 0.3620, 0.3640, 0.3660, 0.3680, 0.3700, 0.3720, 0.3740],
         [0.3800, 0.3820, 0.3840, 0.3860, 0.3880, 0.3900, 0.3920, 0.3940],
         [0.4000, 0.4020, 0.4040, 0.4060, 0.4080, 0.4100, 0.4120, 0.4140],
         [0.4200, 0.4220, 0.4240, 0.4260, 0.4280, 0.4300, 0.4320, 0.4340]],

        [[0.2200, 0.2210, 0.2220, 0.2230, 0.2240, 0.2250, 0.2260, 0.2270],
         [0.2300, 0.2310, 0.2320, 0.2330, 0.2340, 0.2350, 0.2360, 0.2370],
         [0.2400, 0.2410, 0.2420, 0.2430, 0.2440, 0.2450, 0.2460, 0.2470],
         [0.2500, 0.2510, 0.2520, 0.2530, 0.2540, 0.2550, 0.2560, 0.2570],
         [0.4400, 0.4420, 0.4440, 0.4460, 0.4480, 0.4500, 0.4520, 0.4540],
         [0.4600, 0.4620, 0.4640, 0.4660, 0.4680, 0.4700, 0.4720, 0.4740],
         [0.4800, 0.4820, 0.4840, 0.4860, 0.4880, 0.4900, 0.4920, 0.4940],
         [0.5000, 0.5020, 0.5040, 0.5060, 0.5080, 0.5100, 0.5120, 0.5140]]]], dims=[2, 2, 8, 8], dtype=float32, device=cuda:0)

Concat_Dim3(A,B) :
tensor([[[[0.1000, 0.1010, 0.1020, 0.1030, 0.1040, 0.1050, 0.1060, 0.1070, 0.2000, 0.2020, 0.2040, 0.2060, 0.2080, 0.2100, 0.2120, 0.2140],
         [0.1100, 0.1110, 0.1120, 0.1130, 0.1140, 0.1150, 0.1160, 0.1170, 0.2200, 0.2220, 0.2240, 0.2260, 0.2280, 0.2300, 0.2320, 0.2340],
         [0.1200, 0.1210, 0.1220, 0.1230, 0.1240, 0.1250, 0.1260, 0.1270, 0.2400, 0.2420, 0.2440, 0.2460, 0.2480, 0.2500, 0.2520, 0.2540],
         [0.1300, 0.1310, 0.1320, 0.1330, 0.1340, 0.1350, 0.1360, 0.1370, 0.2600, 0.2620, 0.2640, 0.2660, 0.2680, 0.2700, 0.2720, 0.2740]],

        [[0.1400, 0.1410, 0.1420, 0.1430, 0.1440, 0.1450, 0.1460, 0.1470, 0.2800, 0.2820, 0.2840, 0.2860, 0.2880, 0.2900, 0.2920, 0.2940],
         [0.1500, 0.1510, 0.1520, 0.1530, 0.1540, 0.1550, 0.1560, 0.1570, 0.3000, 0.3020, 0.3040, 0.3060, 0.3080, 0.3100, 0.3120, 0.3140],
         [0.1600, 0.1610, 0.1620, 0.1630, 0.1640, 0.1650, 0.1660, 0.1670, 0.3200, 0.3220, 0.3240, 0.3260, 0.3280, 0.3300, 0.3320, 0.3340],
         [0.1700, 0.1710, 0.1720, 0.1730, 0.1740, 0.1750, 0.1760, 0.1770, 0.3400, 0.3420, 0.3440, 0.3460, 0.3480, 0.3500, 0.3520, 0.3540]]],

       [[[0.1800, 0.1810, 0.1820, 0.1830, 0.1840, 0.1850, 0.1860, 0.1870, 0.3600, 0.3620, 0.3640, 0.3660, 0.3680, 0.3700, 0.3720, 0.3740],
         [0.1900, 0.1910, 0.1920, 0.1930, 0.1940, 0.1950, 0.1960, 0.1970, 0.3800, 0.3820, 0.3840, 0.3860, 0.3880, 0.3900, 0.3920, 0.3940],
         [0.2000, 0.2010, 0.2020, 0.2030, 0.2040, 0.2050, 0.2060, 0.2070, 0.4000, 0.4020, 0.4040, 0.4060, 0.4080, 0.4100, 0.4120, 0.4140],
         [0.2100, 0.2110, 0.2120, 0.2130, 0.2140, 0.2150, 0.2160, 0.2170, 0.4200, 0.4220, 0.4240, 0.4260, 0.4280, 0.4300, 0.4320, 0.4340]],

        [[0.2200, 0.2210, 0.2220, 0.2230, 0.2240, 0.2250, 0.2260, 0.2270, 0.4400, 0.4420, 0.4440, 0.4460, 0.4480, 0.4500, 0.4520, 0.4540],
         [0.2300, 0.2310, 0.2320, 0.2330, 0.2340, 0.2350, 0.2360, 0.2370, 0.4600, 0.4620, 0.4640, 0.4660, 0.4680, 0.4700, 0.4720, 0.4740],
         [0.2400, 0.2410, 0.2420, 0.2430, 0.2440, 0.2450, 0.2460, 0.2470, 0.4800, 0.4820, 0.4840, 0.4860, 0.4880, 0.4900, 0.4920, 0.4940],
         [0.2500, 0.2510, 0.2520, 0.2530, 0.2540, 0.2550, 0.2560, 0.2570, 0.5000, 0.5020, 0.5040, 0.5060, 0.5080, 0.5100, 0.5120, 0.5140]]]], dims=[2, 2, 4, 16], dtype=float32, device=cuda:0)

         
**Python Output (Pytorch)**
Tensor A:
 tensor([[[[0.100, 0.101, 0.102, 0.103, 0.104, 0.105, 0.106, 0.107],
          [0.110, 0.111, 0.112, 0.113, 0.114, 0.115, 0.116, 0.117],
          [0.120, 0.121, 0.122, 0.123, 0.124, 0.125, 0.126, 0.127],
          [0.130, 0.131, 0.132, 0.133, 0.134, 0.135, 0.136, 0.137]],

         [[0.140, 0.141, 0.142, 0.143, 0.144, 0.145, 0.146, 0.147],
          [0.150, 0.151, 0.152, 0.153, 0.154, 0.155, 0.156, 0.157],
          [0.160, 0.161, 0.162, 0.163, 0.164, 0.165, 0.166, 0.167],
          [0.170, 0.171, 0.172, 0.173, 0.174, 0.175, 0.176, 0.177]]],


        [[[0.180, 0.181, 0.182, 0.183, 0.184, 0.185, 0.186, 0.187],
          [0.190, 0.191, 0.192, 0.193, 0.194, 0.195, 0.196, 0.197],
          [0.200, 0.201, 0.202, 0.203, 0.204, 0.205, 0.206, 0.207],
          [0.210, 0.211, 0.212, 0.213, 0.214, 0.215, 0.216, 0.217]],

         [[0.220, 0.221, 0.222, 0.223, 0.224, 0.225, 0.226, 0.227],
          [0.230, 0.231, 0.232, 0.233, 0.234, 0.235, 0.236, 0.237],
          [0.240, 0.241, 0.242, 0.243, 0.244, 0.245, 0.246, 0.247],
          [0.250, 0.251, 0.252, 0.253, 0.254, 0.255, 0.256, 0.257]]]]) 


Tensor B:
 tensor([[[[0.200, 0.202, 0.204, 0.206, 0.208, 0.210, 0.212, 0.214],
          [0.220, 0.222, 0.224, 0.226, 0.228, 0.230, 0.232, 0.234],
          [0.240, 0.242, 0.244, 0.246, 0.248, 0.250, 0.252, 0.254],
          [0.260, 0.262, 0.264, 0.266, 0.268, 0.270, 0.272, 0.274]],

         [[0.280, 0.282, 0.284, 0.286, 0.288, 0.290, 0.292, 0.294],
          [0.300, 0.302, 0.304, 0.306, 0.308, 0.310, 0.312, 0.314],
          [0.320, 0.322, 0.324, 0.326, 0.328, 0.330, 0.332, 0.334],
          [0.340, 0.342, 0.344, 0.346, 0.348, 0.350, 0.352, 0.354]]],


        [[[0.360, 0.362, 0.364, 0.366, 0.368, 0.370, 0.372, 0.374],
          [0.380, 0.382, 0.384, 0.386, 0.388, 0.390, 0.392, 0.394],
          [0.400, 0.402, 0.404, 0.406, 0.408, 0.410, 0.412, 0.414],
          [0.420, 0.422, 0.424, 0.426, 0.428, 0.430, 0.432, 0.434]],

         [[0.440, 0.442, 0.444, 0.446, 0.448, 0.450, 0.452, 0.454],
          [0.460, 0.462, 0.464, 0.466, 0.468, 0.470, 0.472, 0.474],
          [0.480, 0.482, 0.484, 0.486, 0.488, 0.490, 0.492, 0.494],
          [0.500, 0.502, 0.504, 0.506, 0.508, 0.510, 0.512, 0.514]]]])


--- Concatenated along Dimension 0 ---
 tensor([[[[0.100, 0.101, 0.102, 0.103, 0.104, 0.105, 0.106, 0.107],
          [0.110, 0.111, 0.112, 0.113, 0.114, 0.115, 0.116, 0.117],
          [0.120, 0.121, 0.122, 0.123, 0.124, 0.125, 0.126, 0.127],
          [0.130, 0.131, 0.132, 0.133, 0.134, 0.135, 0.136, 0.137]],

         [[0.140, 0.141, 0.142, 0.143, 0.144, 0.145, 0.146, 0.147],
          [0.150, 0.151, 0.152, 0.153, 0.154, 0.155, 0.156, 0.157],
          [0.160, 0.161, 0.162, 0.163, 0.164, 0.165, 0.166, 0.167],
          [0.170, 0.171, 0.172, 0.173, 0.174, 0.175, 0.176, 0.177]]],


        [[[0.180, 0.181, 0.182, 0.183, 0.184, 0.185, 0.186, 0.187],
          [0.190, 0.191, 0.192, 0.193, 0.194, 0.195, 0.196, 0.197],
          [0.200, 0.201, 0.202, 0.203, 0.204, 0.205, 0.206, 0.207],
          [0.210, 0.211, 0.212, 0.213, 0.214, 0.215, 0.216, 0.217]],

         [[0.220, 0.221, 0.222, 0.223, 0.224, 0.225, 0.226, 0.227],
          [0.230, 0.231, 0.232, 0.233, 0.234, 0.235, 0.236, 0.237],
          [0.240, 0.241, 0.242, 0.243, 0.244, 0.245, 0.246, 0.247],
          [0.250, 0.251, 0.252, 0.253, 0.254, 0.255, 0.256, 0.257]]],


        [[[0.200, 0.202, 0.204, 0.206, 0.208, 0.210, 0.212, 0.214],
          [0.220, 0.222, 0.224, 0.226, 0.228, 0.230, 0.232, 0.234],
          [0.240, 0.242, 0.244, 0.246, 0.248, 0.250, 0.252, 0.254],
          [0.260, 0.262, 0.264, 0.266, 0.268, 0.270, 0.272, 0.274]],

         [[0.280, 0.282, 0.284, 0.286, 0.288, 0.290, 0.292, 0.294],
          [0.300, 0.302, 0.304, 0.306, 0.308, 0.310, 0.312, 0.314],
          [0.320, 0.322, 0.324, 0.326, 0.328, 0.330, 0.332, 0.334],
          [0.340, 0.342, 0.344, 0.346, 0.348, 0.350, 0.352, 0.354]]],


        [[[0.360, 0.362, 0.364, 0.366, 0.368, 0.370, 0.372, 0.374],
          [0.380, 0.382, 0.384, 0.386, 0.388, 0.390, 0.392, 0.394],
          [0.400, 0.402, 0.404, 0.406, 0.408, 0.410, 0.412, 0.414],
          [0.420, 0.422, 0.424, 0.426, 0.428, 0.430, 0.432, 0.434]],

         [[0.440, 0.442, 0.444, 0.446, 0.448, 0.450, 0.452, 0.454],
          [0.460, 0.462, 0.464, 0.466, 0.468, 0.470, 0.472, 0.474],
          [0.480, 0.482, 0.484, 0.486, 0.488, 0.490, 0.492, 0.494],
          [0.500, 0.502, 0.504, 0.506, 0.508, 0.510, 0.512, 0.514]]]])


--- Concatenated along Dimension 1 ---
 tensor([[[[0.100, 0.101, 0.102, 0.103, 0.104, 0.105, 0.106, 0.107],
          [0.110, 0.111, 0.112, 0.113, 0.114, 0.115, 0.116, 0.117],
          [0.120, 0.121, 0.122, 0.123, 0.124, 0.125, 0.126, 0.127],
          [0.130, 0.131, 0.132, 0.133, 0.134, 0.135, 0.136, 0.137]],

         [[0.140, 0.141, 0.142, 0.143, 0.144, 0.145, 0.146, 0.147],
          [0.150, 0.151, 0.152, 0.153, 0.154, 0.155, 0.156, 0.157],
          [0.160, 0.161, 0.162, 0.163, 0.164, 0.165, 0.166, 0.167],
          [0.170, 0.171, 0.172, 0.173, 0.174, 0.175, 0.176, 0.177]],

         [[0.200, 0.202, 0.204, 0.206, 0.208, 0.210, 0.212, 0.214],
          [0.220, 0.222, 0.224, 0.226, 0.228, 0.230, 0.232, 0.234],
          [0.240, 0.242, 0.244, 0.246, 0.248, 0.250, 0.252, 0.254],
          [0.260, 0.262, 0.264, 0.266, 0.268, 0.270, 0.272, 0.274]],

         [[0.280, 0.282, 0.284, 0.286, 0.288, 0.290, 0.292, 0.294],
          [0.300, 0.302, 0.304, 0.306, 0.308, 0.310, 0.312, 0.314],
          [0.320, 0.322, 0.324, 0.326, 0.328, 0.330, 0.332, 0.334],
          [0.340, 0.342, 0.344, 0.346, 0.348, 0.350, 0.352, 0.354]]],


        [[[0.180, 0.181, 0.182, 0.183, 0.184, 0.185, 0.186, 0.187],
          [0.190, 0.191, 0.192, 0.193, 0.194, 0.195, 0.196, 0.197],
          [0.200, 0.201, 0.202, 0.203, 0.204, 0.205, 0.206, 0.207],
          [0.210, 0.211, 0.212, 0.213, 0.214, 0.215, 0.216, 0.217]],

         [[0.220, 0.221, 0.222, 0.223, 0.224, 0.225, 0.226, 0.227],
          [0.230, 0.231, 0.232, 0.233, 0.234, 0.235, 0.236, 0.237],
          [0.240, 0.241, 0.242, 0.243, 0.244, 0.245, 0.246, 0.247],
          [0.250, 0.251, 0.252, 0.253, 0.254, 0.255, 0.256, 0.257]],

         [[0.360, 0.362, 0.364, 0.366, 0.368, 0.370, 0.372, 0.374],
          [0.380, 0.382, 0.384, 0.386, 0.388, 0.390, 0.392, 0.394],
          [0.400, 0.402, 0.404, 0.406, 0.408, 0.410, 0.412, 0.414],
          [0.420, 0.422, 0.424, 0.426, 0.428, 0.430, 0.432, 0.434]],

         [[0.440, 0.442, 0.444, 0.446, 0.448, 0.450, 0.452, 0.454],
          [0.460, 0.462, 0.464, 0.466, 0.468, 0.470, 0.472, 0.474],
          [0.480, 0.482, 0.484, 0.486, 0.488, 0.490, 0.492, 0.494],
          [0.500, 0.502, 0.504, 0.506, 0.508, 0.510, 0.512, 0.514]]]])


--- Concatenated along Dimension 2 ---
 tensor([[[[0.100, 0.101, 0.102, 0.103, 0.104, 0.105, 0.106, 0.107],
          [0.110, 0.111, 0.112, 0.113, 0.114, 0.115, 0.116, 0.117],
          [0.120, 0.121, 0.122, 0.123, 0.124, 0.125, 0.126, 0.127],
          [0.130, 0.131, 0.132, 0.133, 0.134, 0.135, 0.136, 0.137],
          [0.200, 0.202, 0.204, 0.206, 0.208, 0.210, 0.212, 0.214],
          [0.220, 0.222, 0.224, 0.226, 0.228, 0.230, 0.232, 0.234],
          [0.240, 0.242, 0.244, 0.246, 0.248, 0.250, 0.252, 0.254],
          [0.260, 0.262, 0.264, 0.266, 0.268, 0.270, 0.272, 0.274]],

         [[0.140, 0.141, 0.142, 0.143, 0.144, 0.145, 0.146, 0.147],
          [0.150, 0.151, 0.152, 0.153, 0.154, 0.155, 0.156, 0.157],
          [0.160, 0.161, 0.162, 0.163, 0.164, 0.165, 0.166, 0.167],
          [0.170, 0.171, 0.172, 0.173, 0.174, 0.175, 0.176, 0.177],
          [0.280, 0.282, 0.284, 0.286, 0.288, 0.290, 0.292, 0.294],
          [0.300, 0.302, 0.304, 0.306, 0.308, 0.310, 0.312, 0.314],
          [0.320, 0.322, 0.324, 0.326, 0.328, 0.330, 0.332, 0.334],
          [0.340, 0.342, 0.344, 0.346, 0.348, 0.350, 0.352, 0.354]]],


        [[[0.180, 0.181, 0.182, 0.183, 0.184, 0.185, 0.186, 0.187],
          [0.190, 0.191, 0.192, 0.193, 0.194, 0.195, 0.196, 0.197],
          [0.200, 0.201, 0.202, 0.203, 0.204, 0.205, 0.206, 0.207],
          [0.210, 0.211, 0.212, 0.213, 0.214, 0.215, 0.216, 0.217],
          [0.360, 0.362, 0.364, 0.366, 0.368, 0.370, 0.372, 0.374],
          [0.380, 0.382, 0.384, 0.386, 0.388, 0.390, 0.392, 0.394],
          [0.400, 0.402, 0.404, 0.406, 0.408, 0.410, 0.412, 0.414],
          [0.420, 0.422, 0.424, 0.426, 0.428, 0.430, 0.432, 0.434]],

         [[0.220, 0.221, 0.222, 0.223, 0.224, 0.225, 0.226, 0.227],
          [0.230, 0.231, 0.232, 0.233, 0.234, 0.235, 0.236, 0.237],
          [0.240, 0.241, 0.242, 0.243, 0.244, 0.245, 0.246, 0.247],
          [0.250, 0.251, 0.252, 0.253, 0.254, 0.255, 0.256, 0.257],
          [0.440, 0.442, 0.444, 0.446, 0.448, 0.450, 0.452, 0.454],
          [0.460, 0.462, 0.464, 0.466, 0.468, 0.470, 0.472, 0.474],
          [0.480, 0.482, 0.484, 0.486, 0.488, 0.490, 0.492, 0.494],
          [0.500, 0.502, 0.504, 0.506, 0.508, 0.510, 0.512, 0.514]]]])


--- Concatenated along Dimension 3 ---
 tensor([[[[0.100, 0.101, 0.102, 0.103, 0.104, 0.105, 0.106, 0.107, 0.200, 0.202,
           0.204, 0.206, 0.208, 0.210, 0.212, 0.214],
          [0.110, 0.111, 0.112, 0.113, 0.114, 0.115, 0.116, 0.117, 0.220, 0.222,
           0.224, 0.226, 0.228, 0.230, 0.232, 0.234],
          [0.120, 0.121, 0.122, 0.123, 0.124, 0.125, 0.126, 0.127, 0.240, 0.242,
           0.244, 0.246, 0.248, 0.250, 0.252, 0.254],
          [0.130, 0.131, 0.132, 0.133, 0.134, 0.135, 0.136, 0.137, 0.260, 0.262,
           0.264, 0.266, 0.268, 0.270, 0.272, 0.274]],

         [[0.140, 0.141, 0.142, 0.143, 0.144, 0.145, 0.146, 0.147, 0.280, 0.282,
           0.284, 0.286, 0.288, 0.290, 0.292, 0.294],
          [0.150, 0.151, 0.152, 0.153, 0.154, 0.155, 0.156, 0.157, 0.300, 0.302,
           0.304, 0.306, 0.308, 0.310, 0.312, 0.314],
          [0.160, 0.161, 0.162, 0.163, 0.164, 0.165, 0.166, 0.167, 0.320, 0.322,
           0.324, 0.326, 0.328, 0.330, 0.332, 0.334],
          [0.170, 0.171, 0.172, 0.173, 0.174, 0.175, 0.176, 0.177, 0.340, 0.342,
           0.344, 0.346, 0.348, 0.350, 0.352, 0.354]]],


        [[[0.180, 0.181, 0.182, 0.183, 0.184, 0.185, 0.186, 0.187, 0.360, 0.362,
           0.364, 0.366, 0.368, 0.370, 0.372, 0.374],
          [0.190, 0.191, 0.192, 0.193, 0.194, 0.195, 0.196, 0.197, 0.380, 0.382,
           0.384, 0.386, 0.388, 0.390, 0.392, 0.394],
          [0.200, 0.201, 0.202, 0.203, 0.204, 0.205, 0.206, 0.207, 0.400, 0.402,
           0.404, 0.406, 0.408, 0.410, 0.412, 0.414],
          [0.210, 0.211, 0.212, 0.213, 0.214, 0.215, 0.216, 0.217, 0.420, 0.422,
           0.424, 0.426, 0.428, 0.430, 0.432, 0.434]],

         [[0.220, 0.221, 0.222, 0.223, 0.224, 0.225, 0.226, 0.227, 0.440, 0.442,
           0.444, 0.446, 0.448, 0.450, 0.452, 0.454],
          [0.230, 0.231, 0.232, 0.233, 0.234, 0.235, 0.236, 0.237, 0.460, 0.462,
           0.464, 0.466, 0.468, 0.470, 0.472, 0.474],
          [0.240, 0.241, 0.242, 0.243, 0.244, 0.245, 0.246, 0.247, 0.480, 0.482,
           0.484, 0.486, 0.488, 0.490, 0.492, 0.494],
          [0.250, 0.251, 0.252, 0.253, 0.254, 0.255, 0.256, 0.257, 0.500, 0.502,
           0.504, 0.506, 0.508, 0.510, 0.512, 0.514]]]])